,dt,sentiment_vader,total_msgs
1,2018-01-02,0.0,3.0
2,2018-01-03,1.0,10.0
3,2018-01-04,-0.1428571428571428,10.0
4,2018-01-05,-0.25,11.0
5,2018-01-06,0.3333333333333333,10.0
6,2018-01-07,-0.3333333333333333,4.0
7,2018-01-08,0.4285714285714285,12.0
8,2018-01-09,-0.1428571428571428,10.0
9,2018-01-10,0.0,3.0
10,2018-01-11,-0.2,7.0
11,2018-01-12,-0.2,7.0
12,2018-01-13,-1.0,1.0
13,2018-01-15,1.0,2.0
15,2018-01-17,1.0,2.0
16,2018-01-18,-0.6666666666666666,7.0
17,2018-01-19,0.0,3.0
18,2018-01-20,1.0,6.0
19,2018-01-21,0.6666666666666666,11.0
20,2018-01-22,-0.4285714285714285,9.0
21,2018-01-23,0.3333333333333333,20.0
22,2018-01-24,0.5,14.0
23,2018-01-25,0.4285714285714285,12.0
24,2018-01-26,-0.6666666666666666,7.0
25,2018-01-27,-1.0,2.0
26,2018-01-28,0.5,7.0
27,2018-01-29,-0.3333333333333333,4.0
29,2018-01-31,0.6666666666666666,11.0
30,2018-02-01,0.5,7.0
31,2018-02-03,0.0,12.0
32,2018-02-04,-1.0,1.0
33,2018-02-05,0.0,3.0
34,2018-02-06,0.0,12.0
35,2018-02-07,0.5384615384615384,23.0
36,2018-02-08,0.2727272727272727,18.0
37,2018-02-09,0.1428571428571428,11.0
38,2018-02-10,-1.0,3.0
39,2018-02-11,-0.3333333333333333,4.0
40,2018-02-12,0.0,3.0
41,2018-02-13,0.2,8.0
42,2018-02-14,-0.6,6.0
43,2018-02-15,0.0,3.0
45,2018-02-17,1.0,2.0
46,2018-02-19,1.0,2.0
47,2018-02-20,1.0,10.0
48,2018-02-21,0.1428571428571428,11.0
49,2018-02-22,0.4285714285714285,12.0
50,2018-02-23,1.0,6.0
51,2018-02-25,1.0,2.0
52,2018-02-27,0.0,3.0
53,2018-02-28,0.3333333333333333,5.0
54,2018-03-01,-0.3333333333333333,4.0
55,2018-03-02,1.0,2.0
56,2018-03-03,1.0,8.0
57,2018-03-04,-0.5,5.0
58,2018-03-05,-1.0,3.0
59,2018-03-06,1.0,4.0
60,2018-03-07,0.6,9.0
61,2018-03-08,-0.1111111111111111,13.0
62,2018-03-09,-1.0,6.0
63,2018-03-11,-0.3333333333333333,4.0
64,2018-03-12,-0.2,7.0
65,2018-03-13,0.3333333333333333,5.0
66,2018-03-14,0.0,6.0
67,2018-03-15,0.6,18.0
69,2018-03-17,1.0,2.0
70,2018-03-18,-1.0,1.0
71,2018-03-19,0.3333333333333333,5.0
72,2018-03-20,-1.0,1.0
73,2018-03-21,0.3333333333333333,5.0
74,2018-03-22,1.0,2.0
75,2018-03-23,-0.2,7.0
76,2018-03-24,0.3333333333333333,5.0
77,2018-03-25,-1.0,2.0
78,2018-03-26,1.0,4.0
79,2018-03-27,-0.2727272727272727,15.0
80,2018-03-28,0.1891891891891892,59.0
81,2018-03-29,0.25,78.0
82,2018-03-30,-0.1764705882352941,24.0
83,2018-03-31,-0.3333333333333333,12.0
84,2018-04-01,0.5,28.0
85,2018-04-02,-0.0434782608695652,34.0
86,2018-04-03,-0.1818181818181818,31.0
87,2018-04-04,0.0769230769230769,20.0
88,2018-04-05,0.125,25.0
89,2018-04-06,0.0,3.0
90,2018-04-07,0.0,3.0
91,2018-04-09,0.0,21.0
92,2018-04-10,-0.1666666666666666,17.0
93,2018-04-11,1.0,12.0
94,2018-04-12,0.0526315789473684,29.0
95,2018-04-13,-0.0769230769230769,19.0
96,2018-04-14,-1.0,2.0
97,2018-04-15,0.3846153846153846,22.0
98,2018-04-16,0.2,16.0
99,2018-04-17,0.3333333333333333,20.0
100,2018-04-18,0.375,27.0
101,2018-04-19,-0.1111111111111111,13.0
102,2018-04-20,-0.25,11.0
103,2018-04-21,0.6,9.0
104,2018-04-22,-0.3333333333333333,4.0
105,2018-04-23,-0.75,9.0
106,2018-04-24,0.6,9.0
107,2018-04-25,0.4285714285714285,12.0
108,2018-04-26,0.4285714285714285,12.0
109,2018-04-27,0.0,6.0
110,2018-04-28,1.0,10.0
111,2018-04-29,0.6,9.0
112,2018-04-30,0.1428571428571428,11.0
113,2018-05-01,0.1764705882352941,27.0
114,2018-05-02,0.1666666666666666,57.0
115,2018-05-03,0.0555555555555555,55.0
116,2018-05-04,0.2222222222222222,29.0
117,2018-05-05,0.0909090909090909,17.0
118,2018-05-06,0.1111111111111111,28.0
119,2018-05-07,0.1,31.0
120,2018-05-08,-0.4285714285714285,27.0
121,2018-05-09,0.4545454545454545,19.0
122,2018-05-10,-0.0666666666666666,22.0
123,2018-05-11,0.3333333333333333,15.0
124,2018-05-12,-0.3846153846153846,17.0
125,2018-05-13,-0.6666666666666666,7.0
126,2018-05-14,-0.0588235294117647,25.0
127,2018-05-15,0.3333333333333333,15.0
128,2018-05-16,0.2307692307692307,21.0
129,2018-05-17,0.5,14.0
130,2018-05-18,0.2307692307692307,21.0
131,2018-05-19,0.0,3.0
132,2018-05-20,0.7142857142857143,13.0
133,2018-05-21,0.2,24.0
134,2018-05-22,0.0666666666666666,23.0
135,2018-05-23,0.0909090909090909,17.0
136,2018-05-24,0.0,18.0
137,2018-05-25,-0.4285714285714285,9.0
138,2018-05-26,0.5555555555555556,16.0
139,2018-05-27,-0.6,6.0
140,2018-05-28,0.3846153846153846,22.0
141,2018-05-29,0.6,9.0
142,2018-05-30,0.1111111111111111,14.0
143,2018-05-31,-0.2,7.0
144,2018-06-01,1.0,6.0
145,2018-06-02,1.0,8.0
146,2018-06-03,-0.1428571428571428,10.0
147,2018-06-04,0.4545454545454545,19.0
148,2018-06-05,0.7777777777777778,17.0
149,2018-06-06,0.4838709677419355,54.0
150,2018-06-07,0.0833333333333333,37.0
151,2018-06-08,-0.3333333333333333,16.0
152,2018-06-09,1.0,2.0
153,2018-06-10,0.0,6.0
154,2018-06-11,0.6666666666666666,22.0
155,2018-06-12,0.1612903225806451,49.0
156,2018-06-13,0.4,51.0
157,2018-06-14,0.0588235294117647,26.0
158,2018-06-15,0.6470588235294118,31.0
159,2018-06-16,0.0,15.0
160,2018-06-17,0.3333333333333333,15.0
161,2018-06-18,0.4074074074074074,46.0
162,2018-06-19,0.0,30.0
163,2018-06-20,-0.2631578947368421,26.0
164,2018-06-21,0.1764705882352941,54.0
165,2018-06-22,0.25,65.0
166,2018-06-23,0.1428571428571428,11.0
167,2018-06-24,0.3333333333333333,10.0
168,2018-06-25,-0.1428571428571428,20.0
169,2018-06-26,0.25,13.0
170,2018-06-27,-0.2307692307692307,18.0
171,2018-06-28,0.2,16.0
172,2018-06-29,-0.3043478260869565,31.0
173,2018-06-30,0.3333333333333333,30.0
174,2018-07-01,0.5652173913043478,41.0
175,2018-07-02,0.2121212121212121,106.0
176,2018-07-03,0.4090909090909091,75.0
177,2018-07-04,0.1724137931034483,46.0
178,2018-07-05,0.1764705882352941,54.0
179,2018-07-06,0.2307692307692307,21.0
180,2018-07-07,-0.3333333333333333,4.0
181,2018-07-08,0.2,24.0
182,2018-07-09,0.2857142857142857,23.0
183,2018-07-10,0.3636363636363636,37.0
184,2018-07-11,-0.1764705882352941,24.0
185,2018-07-12,0.125,25.0
186,2018-07-13,0.3333333333333333,15.0
187,2018-07-14,-0.3333333333333333,4.0
188,2018-07-15,0.0,27.0
189,2018-07-16,0.1666666666666666,19.0
190,2018-07-17,0.4,17.0
191,2018-07-18,-0.4,13.0
192,2018-07-19,0.2,8.0
193,2018-07-20,0.1111111111111111,14.0
194,2018-07-21,1.0,4.0
195,2018-07-22,0.2727272727272727,18.0
196,2018-07-23,0.1428571428571428,44.0
197,2018-07-24,0.4,17.0
198,2018-07-25,0.25,13.0
199,2018-07-26,0.5,21.0
200,2018-07-27,0.0,42.0
201,2018-07-28,0.0909090909090909,34.0
202,2018-07-29,0.0416666666666666,73.0
203,2018-07-30,0.3488372093023256,72.0
204,2018-07-31,0.0666666666666666,46.0
205,2018-08-01,0.2323232323232323,160.0
206,2018-08-02,0.4757281553398058,179.0
207,2018-08-03,0.1666666666666666,57.0
208,2018-08-04,-0.0526315789473684,28.0
209,2018-08-05,0.6363636363636364,20.0
210,2018-08-06,0.0,21.0
211,2018-08-07,0.2952380952380952,173.0
212,2018-08-08,0.3150684931506849,121.0
213,2018-08-09,0.2352941176470588,110.0
214,2018-08-10,0.1875,51.0
215,2018-08-11,0.2,24.0
216,2018-08-12,0.3043478260869565,38.0
217,2018-08-13,0.0714285714285714,43.0
218,2018-08-14,0.5,42.0
219,2018-08-15,0.1351351351351351,58.0
220,2018-08-16,0.4285714285714285,24.0
221,2018-08-17,0.08,77.0
222,2018-08-18,0.12,39.0
223,2018-08-19,0.2,24.0
224,2018-08-20,0.34375,107.0
225,2018-08-21,0.2888888888888888,74.0
226,2018-08-22,0.1764705882352941,27.0
227,2018-08-23,0.0588235294117647,26.0
228,2018-08-24,-0.1764705882352941,24.0
229,2018-08-25,0.25,52.0
230,2018-08-26,0.3636363636363636,37.0
231,2018-08-27,-0.0666666666666666,22.0
232,2018-08-28,0.25,13.0
233,2018-08-29,0.4285714285714285,24.0
234,2018-08-30,-0.2,21.0
235,2018-08-31,0.2307692307692307,21.0
236,2018-09-01,-0.1111111111111111,13.0
237,2018-09-02,0.2,8.0
238,2018-09-03,-0.0588235294117647,25.0
239,2018-09-04,0.0909090909090909,34.0
240,2018-09-05,-0.0697674418604651,63.0
241,2018-09-06,-0.081081081081081,54.0
242,2018-09-07,0.108695652173913,143.0
243,2018-09-08,0.2,56.0
244,2018-09-09,0.1333333333333333,47.0
245,2018-09-10,0.0769230769230769,60.0
246,2018-09-11,0.2,40.0
247,2018-09-12,0.125,25.0
248,2018-09-13,0.0476190476190476,32.0
249,2018-09-14,-0.25,22.0
250,2018-09-15,0.1428571428571428,11.0
251,2018-09-16,0.2727272727272727,18.0
252,2018-09-17,-0.0434782608695652,34.0
253,2018-09-18,0.1282051282051282,61.0
254,2018-09-19,0.1333333333333333,47.0
255,2018-09-20,0.0769230769230769,20.0
256,2018-09-21,0.4545454545454545,19.0
257,2018-09-22,0.2,16.0
258,2018-09-23,0.6363636363636364,20.0
259,2018-09-24,0.6666666666666666,11.0
260,2018-09-25,1.0,16.0
261,2018-09-26,0.1538461538461538,41.0
262,2018-09-27,0.1944444444444444,115.0
263,2018-09-28,0.2,160.0
264,2018-09-29,0.1666666666666666,95.0
265,2018-09-30,0.2,104.0
266,2018-10-01,0.3018867924528302,175.0
267,2018-10-02,0.1612903225806451,98.0
268,2018-10-03,0.2666666666666666,49.0
269,2018-10-04,0.081967213114754,94.0
270,2018-10-05,0.0344827586206896,88.0
271,2018-10-06,0.3333333333333333,35.0
272,2018-10-07,0.3333333333333333,45.0
273,2018-10-08,0.5652173913043478,82.0
274,2018-10-09,0.0,39.0
275,2018-10-10,0.0909090909090909,51.0
276,2018-10-11,0.0,27.0
277,2018-10-12,0.0,27.0
278,2018-10-13,0.5,7.0
279,2018-10-14,0.2631578947368421,31.0
280,2018-10-15,0.3333333333333333,15.0
281,2018-10-16,0.1111111111111111,14.0
282,2018-10-17,0.3846153846153846,66.0
283,2018-10-18,0.2307692307692307,21.0
284,2018-10-19,-0.2,28.0
285,2018-10-20,0.3333333333333333,10.0
286,2018-10-21,-0.5,5.0
287,2018-10-22,-0.25,11.0
288,2018-10-23,0.2357723577235772,199.0
289,2018-10-24,0.2129032258064516,249.0
290,2018-10-25,0.0294117647058823,103.0
291,2018-10-26,0.1481481481481481,170.0
292,2018-10-27,0.0,39.0
293,2018-10-28,0.1538461538461538,41.0
294,2018-10-29,0.2,56.0
295,2018-10-30,0.3636363636363636,37.0
296,2018-10-31,0.6842105263157895,35.0
297,2018-11-01,0.2857142857142857,23.0
298,2018-11-02,0.0666666666666666,23.0
299,2018-11-03,0.6923076923076923,24.0
300,2018-11-04,0.1428571428571428,11.0
301,2018-11-05,0.0666666666666666,23.0
302,2018-11-06,0.2307692307692307,21.0
303,2018-11-07,0.2727272727272727,18.0
304,2018-11-08,0.5384615384615384,23.0
305,2018-11-09,0.3333333333333333,20.0
306,2018-11-10,-0.3333333333333333,4.0
307,2018-11-11,-1.0,1.0
308,2018-11-12,0.2,8.0
309,2018-11-13,0.0,6.0
310,2018-11-14,-0.0909090909090909,16.0
311,2018-11-15,0.2307692307692307,21.0
312,2018-11-16,-0.1666666666666666,17.0
313,2018-11-17,-0.2,7.0
314,2018-11-18,0.5,7.0
315,2018-11-19,0.2,24.0
316,2018-11-20,0.4285714285714285,36.0
317,2018-11-21,0.2,8.0
318,2018-11-22,0.25,13.0
319,2018-11-23,0.4,17.0
320,2018-11-24,0.25,13.0
321,2018-11-25,0.3333333333333333,10.0
322,2018-11-26,-0.4285714285714285,18.0
323,2018-11-27,-0.25,11.0
324,2018-11-28,0.7777777777777778,17.0
325,2018-11-29,1.0,14.0
326,2018-11-30,0.4285714285714285,12.0
327,2018-12-01,1.0,2.0
328,2018-12-02,1.0,10.0
329,2018-12-03,0.1111111111111111,28.0
330,2018-12-04,-0.0588235294117647,25.0
331,2018-12-05,0.1428571428571428,11.0
332,2018-12-06,0.391304347826087,39.0
333,2018-12-07,0.4509803921568627,88.0
334,2018-12-08,0.2727272727272727,18.0
335,2018-12-09,0.4666666666666667,26.0
336,2018-12-10,0.5238095238095238,37.0
337,2018-12-11,-0.0434782608695652,34.0
338,2018-12-12,0.5714285714285714,25.0
339,2018-12-13,0.0,21.0
340,2018-12-14,0.2,32.0
341,2018-12-15,-1.0,1.0
342,2018-12-16,0.6363636363636364,20.0
343,2018-12-17,0.375,27.0
344,2018-12-18,0.4,17.0
345,2018-12-19,0.2,16.0
346,2018-12-20,0.3333333333333333,25.0
347,2018-12-21,0.1111111111111111,14.0
348,2018-12-22,-1.0,2.0
349,2018-12-23,1.0,4.0
350,2018-12-24,0.2727272727272727,18.0
351,2018-12-25,0.5,7.0
352,2018-12-26,0.0,12.0
353,2018-12-27,-0.4545454545454545,14.0
354,2018-12-28,0.5294117647058824,30.0
355,2018-12-29,0.4,17.0
356,2018-12-30,0.4285714285714285,12.0
357,2018-12-31,0.1428571428571428,11.0
358,2019-01-01,-0.6,6.0
359,2019-01-02,-0.04,74.0
360,2019-01-03,-0.125,23.0
361,2019-01-04,0.5555555555555556,32.0
362,2019-01-05,0.5,7.0
363,2019-01-06,0.2857142857142857,23.0
364,2019-01-07,0.5652173913043478,41.0
365,2019-01-08,0.2857142857142857,23.0
366,2019-01-09,0.5555555555555556,32.0
367,2019-01-10,1.0,20.0
368,2019-01-11,0.0666666666666666,23.0
369,2019-01-12,1.0,6.0
370,2019-01-13,0.2,8.0
371,2019-01-14,0.3684210526315789,32.0
372,2019-01-15,-0.0769230769230769,19.0
373,2019-01-16,0.1111111111111111,14.0
374,2019-01-17,0.5,7.0
375,2019-01-18,0.2911392405063291,130.0
376,2019-01-19,0.2857142857142857,69.0
377,2019-01-20,0.2727272727272727,18.0
378,2019-01-21,0.3333333333333333,30.0
379,2019-01-22,0.1764705882352941,108.0
380,2019-01-23,0.0526315789473684,87.0
381,2019-01-24,0.2,56.0
382,2019-01-25,0.4,34.0
383,2019-01-26,0.6,9.0
384,2019-01-27,0.1428571428571428,11.0
385,2019-01-28,-0.0666666666666666,22.0
386,2019-01-29,0.5555555555555556,32.0
387,2019-01-30,0.1264367816091954,136.0
388,2019-01-31,0.217391304347826,74.0
389,2019-02-01,0.2,24.0
390,2019-02-02,-0.4285714285714285,9.0
391,2019-02-03,0.0,12.0
392,2019-02-04,0.3333333333333333,15.0
393,2019-02-05,0.1428571428571428,33.0
394,2019-02-06,-0.2,21.0
395,2019-02-07,0.0,18.0
396,2019-02-08,0.3333333333333333,10.0
397,2019-02-09,-0.3333333333333333,4.0
398,2019-02-10,0.0,15.0
399,2019-02-11,-0.0909090909090909,16.0
400,2019-02-12,0.5,7.0
401,2019-02-13,-0.6,6.0
402,2019-02-14,0.3333333333333333,10.0
403,2019-02-15,-0.5,10.0
405,2019-02-17,1.0,2.0
406,2019-02-18,0.6,9.0
407,2019-02-19,0.0,9.0
408,2019-02-20,0.3,33.0
409,2019-02-21,0.1111111111111111,42.0
410,2019-02-22,0.1578947368421052,30.0
411,2019-02-23,0.0,12.0
412,2019-02-24,1.0,12.0
413,2019-02-25,-0.1111111111111111,26.0
414,2019-02-26,-0.0188679245283018,79.0
415,2019-02-27,0.1692307692307692,103.0
416,2019-02-28,0.3333333333333333,225.0
417,2019-03-01,0.1328671328671328,224.0
418,2019-03-02,0.2631578947368421,31.0
419,2019-03-03,0.2727272727272727,36.0
420,2019-03-04,0.1347517730496454,221.0
421,2019-03-05,0.0676691729323308,204.0
422,2019-03-06,0.1290322580645161,97.0
423,2019-03-07,0.238095238095238,102.0
424,2019-03-08,0.3846153846153846,88.0
425,2019-03-09,0.1111111111111111,14.0
426,2019-03-10,0.0909090909090909,17.0
427,2019-03-11,-0.0285714285714285,52.0
428,2019-03-12,0.2,48.0
429,2019-03-13,-0.0625,47.0
430,2019-03-14,0.2307692307692307,63.0
431,2019-03-15,0.0684931506849315,112.0
432,2019-03-16,0.1764705882352941,27.0
433,2019-03-17,0.2857142857142857,23.0
434,2019-03-18,-0.0344827586206896,86.0
435,2019-03-19,0.2,112.0
436,2019-03-20,0.2903225806451613,51.0
437,2019-03-21,0.6483516483516484,166.0
438,2019-03-22,0.217391304347826,37.0
439,2019-03-23,-0.1666666666666666,17.0
440,2019-03-24,-0.1111111111111111,13.0
441,2019-03-25,-0.2777777777777778,49.0
442,2019-03-26,-0.3103448275862069,39.0
443,2019-03-27,0.5833333333333334,43.0
444,2019-03-28,0.375,54.0
445,2019-03-29,0.1764705882352941,54.0
446,2019-03-30,0.625,29.0
447,2019-03-31,0.0666666666666666,23.0
448,2019-04-01,0.3962264150943396,90.0
449,2019-04-02,-0.0303030303030303,49.0
450,2019-04-03,0.1219512195121951,64.0
451,2019-04-04,0.1288343558282208,255.0
452,2019-04-05,0.240506329113924,128.0
453,2019-04-06,0.2307692307692307,21.0
454,2019-04-07,0.1111111111111111,14.0
455,2019-04-08,0.0344827586206896,44.0
456,2019-04-09,0.2307692307692307,42.0
457,2019-04-10,0.4,51.0
458,2019-04-11,0.2093023255813953,69.0
459,2019-04-12,0.1794871794871795,62.0
460,2019-04-13,0.2,8.0
461,2019-04-14,-0.1428571428571428,10.0
462,2019-04-15,0.1162790697674418,67.0
463,2019-04-16,0.0434782608695652,70.0
464,2019-04-17,0.3488372093023256,72.0
465,2019-04-18,0.3333333333333333,45.0
466,2019-04-19,0.0625,49.0
467,2019-04-20,0.3636363636363636,37.0
468,2019-04-21,0.4285714285714285,12.0
469,2019-04-22,0.2660550458715596,178.0
470,2019-04-23,0.3866666666666666,127.0
471,2019-04-24,0.1573033707865168,281.0
472,2019-04-25,0.1764705882352941,216.0
473,2019-04-26,0.2228571428571428,282.0
474,2019-04-27,0.391304347826087,39.0
475,2019-04-28,0.3571428571428571,47.0
476,2019-04-29,0.217391304347826,148.0
477,2019-04-30,0.1489361702127659,74.0
478,2019-05-01,0.0632911392405063,121.0
479,2019-05-02,0.2673267326732673,165.0
480,2019-05-03,0.3968253968253968,107.0
481,2019-05-04,0.5384615384615384,23.0
482,2019-05-05,0.2727272727272727,18.0
483,2019-05-06,0.2352941176470588,55.0
484,2019-05-07,-0.0625,47.0
485,2019-05-08,0.0,30.0
486,2019-05-09,0.1428571428571428,33.0
487,2019-05-10,0.2592592592592592,44.0
488,2019-05-11,0.4285714285714285,12.0
489,2019-05-12,0.5,7.0
490,2019-05-13,0.24,81.0
491,2019-05-14,0.4782608695652174,40.0
492,2019-05-15,0.5483870967741935,55.0
493,2019-05-16,0.3333333333333333,45.0
494,2019-05-17,0.1937984496124031,206.0
495,2019-05-18,0.25,52.0
496,2019-05-19,-0.1538461538461538,37.0
497,2019-05-20,0.0841121495327102,165.0
498,2019-05-21,0.1470588235294117,214.0
499,2019-05-22,0.0439560439560439,277.0
500,2019-05-23,-0.0157068062827225,285.0
501,2019-05-24,0.1481481481481481,170.0
502,2019-05-25,0.1818181818181818,35.0
503,2019-05-26,0.2857142857142857,23.0
504,2019-05-27,0.2941176470588235,28.0
505,2019-05-28,-0.0175438596491228,85.0
506,2019-05-29,0.1076923076923077,101.0
507,2019-05-30,0.0344827586206896,44.0
508,2019-05-31,0.2982456140350877,94.0
509,2019-06-01,0.5238095238095238,37.0
510,2019-06-02,0.3043478260869565,38.0
511,2019-06-03,0.1621621621621621,117.0
512,2019-06-04,0.0864197530864197,125.0
513,2019-06-05,0.1034482758620689,90.0
514,2019-06-06,0.2068965517241379,93.0
515,2019-06-07,0.1891891891891892,59.0
516,2019-06-08,0.1111111111111111,14.0
517,2019-06-09,0.0588235294117647,26.0
518,2019-06-10,0.2941176470588235,56.0
519,2019-06-11,0.2916666666666667,79.0
520,2019-06-12,0.2857142857142857,115.0
521,2019-06-13,0.2592592592592592,44.0
522,2019-06-14,0.5,28.0
523,2019-06-15,0.3333333333333333,10.0
524,2019-06-16,0.8,19.0
525,2019-06-17,0.1851851851851851,43.0
526,2019-06-18,0.2903225806451613,51.0
527,2019-06-19,0.4545454545454545,19.0
528,2019-06-20,-0.1875,45.0
529,2019-06-21,0.4285714285714285,24.0
530,2019-06-22,0.6666666666666666,11.0
531,2019-06-23,0.3333333333333333,15.0
532,2019-06-24,0.5,28.0
533,2019-06-25,0.4117647058823529,29.0
534,2019-06-26,0.1612903225806451,49.0
535,2019-06-27,0.1538461538461538,41.0
536,2019-06-28,0.3333333333333333,30.0
537,2019-06-29,-0.2,7.0
538,2019-06-30,-0.0769230769230769,19.0
539,2019-07-01,0.5652173913043478,41.0
540,2019-07-02,0.2972972972972973,122.0
541,2019-07-03,0.4492753623188406,119.0
542,2019-07-04,0.25,13.0
543,2019-07-05,0.3333333333333333,35.0
544,2019-07-06,0.4545454545454545,19.0
545,2019-07-07,0.75,15.0
546,2019-07-08,0.2,32.0
547,2019-07-09,0.5333333333333333,53.0
548,2019-07-10,0.5238095238095238,74.0
549,2019-07-11,0.3023255813953488,71.0
550,2019-07-12,0.12,39.0
551,2019-07-13,0.5,14.0
552,2019-07-14,0.375,27.0
553,2019-07-15,0.1063829787234042,73.0
554,2019-07-16,0.032258064516129,47.0
555,2019-07-17,0.4418604651162791,74.0
556,2019-07-18,0.3333333333333333,35.0
557,2019-07-19,0.2,48.0
558,2019-07-20,-0.2307692307692307,18.0
559,2019-07-21,0.2413793103448276,47.0
560,2019-07-22,0.0967741935483871,48.0
561,2019-07-23,0.5757575757575758,59.0
562,2019-07-24,0.1223628691983122,370.0
563,2019-07-25,0.1428571428571428,275.0
564,2019-07-26,0.1627906976744186,136.0
565,2019-07-27,0.0769230769230769,20.0
566,2019-07-28,-0.0909090909090909,16.0
567,2019-07-29,-0.1351351351351351,53.0
568,2019-07-30,-0.04,74.0
569,2019-07-31,0.3333333333333333,60.0
570,2019-08-01,0.2941176470588235,28.0
571,2019-08-02,1.0,20.0
572,2019-08-03,0.0,9.0
573,2019-08-04,0.2307692307692307,21.0
574,2019-08-05,-0.5714285714285714,17.0
575,2019-08-06,0.4285714285714285,24.0
576,2019-08-07,0.2,16.0
577,2019-08-08,0.3846153846153846,44.0
578,2019-08-09,-0.2727272727272727,15.0
579,2019-08-10,1.0,2.0
580,2019-08-11,0.2,8.0
581,2019-08-12,0.6,18.0
582,2019-08-13,-0.2727272727272727,15.0
583,2019-08-14,-0.2727272727272727,30.0
584,2019-08-15,-0.0588235294117647,25.0
585,2019-08-16,0.0769230769230769,20.0
586,2019-08-17,-0.5,5.0
587,2019-08-18,-0.3333333333333333,12.0
588,2019-08-19,-0.2,7.0
589,2019-08-20,0.1428571428571428,11.0
590,2019-08-21,-0.0769230769230769,19.0
591,2019-08-22,0.0,15.0
592,2019-08-23,0.25,26.0
593,2019-08-24,-0.25,22.0
594,2019-08-25,0.5,7.0
595,2019-08-26,-0.1428571428571428,10.0
596,2019-08-27,0.0,12.0
597,2019-08-28,-1.0,3.0
598,2019-08-29,0.75,15.0
599,2019-08-30,0.1428571428571428,22.0
600,2019-08-31,1.0,2.0
601,2019-09-01,1.0,2.0
602,2019-09-02,0.0,3.0
603,2019-09-03,-0.1666666666666666,17.0
604,2019-09-04,0.5,21.0
605,2019-09-05,0.6,18.0
606,2019-09-06,0.1111111111111111,14.0
607,2019-09-07,0.3333333333333333,5.0
608,2019-09-08,-1.0,3.0
609,2019-09-09,0.7142857142857143,13.0
610,2019-09-10,1.0,6.0
611,2019-09-11,0.4285714285714285,24.0
612,2019-09-12,0.25,26.0
613,2019-09-13,0.4666666666666667,26.0
614,2019-09-14,0.0,21.0
615,2019-09-15,0.3333333333333333,25.0
616,2019-09-16,0.4285714285714285,24.0
617,2019-09-17,0.4,17.0
618,2019-09-18,-0.1428571428571428,10.0
619,2019-09-19,0.0,15.0
620,2019-09-20,0.25,13.0
621,2019-09-21,0.25,13.0
622,2019-09-22,1.0,4.0
623,2019-09-23,-0.0666666666666666,22.0
624,2019-09-24,0.0967741935483871,48.0
625,2019-09-25,-0.125,23.0
626,2019-09-26,0.1818181818181818,70.0
627,2019-09-27,0.0434782608695652,35.0
628,2019-09-28,0.3333333333333333,10.0
629,2019-09-29,0.5,7.0
630,2019-09-30,0.75,15.0
631,2019-10-01,-0.1666666666666666,17.0
632,2019-10-02,0.1,62.0
633,2019-10-03,-0.0967741935483871,45.0
634,2019-10-04,-0.5,15.0
635,2019-10-05,0.6666666666666666,11.0
637,2019-10-07,0.2727272727272727,18.0
638,2019-10-08,0.3076923076923077,43.0
639,2019-10-09,0.5714285714285714,25.0
640,2019-10-10,0.2,16.0
641,2019-10-11,0.375,54.0
642,2019-10-12,0.5,7.0
643,2019-10-13,1.0,4.0
644,2019-10-14,0.4,34.0
645,2019-10-15,0.0,24.0
646,2019-10-16,-0.0909090909090909,32.0
647,2019-10-17,-0.1578947368421052,27.0
648,2019-10-18,0.2,32.0
649,2019-10-19,0.5714285714285714,25.0
650,2019-10-20,0.6923076923076923,24.0
651,2019-10-21,0.3333333333333333,35.0
652,2019-10-22,0.5238095238095238,37.0
653,2019-10-23,0.2912621359223301,339.0
654,2019-10-24,0.1851851851851851,301.0
655,2019-10-25,0.1511627906976744,271.0
656,2019-10-26,0.0638297872340425,72.0
657,2019-10-27,0.0526315789473684,29.0
658,2019-10-28,0.125,100.0
659,2019-10-29,0.0,45.0
660,2019-10-30,0.1176470588235294,53.0
661,2019-10-31,0.1428571428571428,22.0
662,2019-11-01,-0.3333333333333333,28.0
663,2019-11-02,0.0,15.0
664,2019-11-03,0.1111111111111111,14.0
665,2019-11-04,0.238095238095238,34.0
666,2019-11-05,0.6,36.0
667,2019-11-06,0.3103448275862069,48.0
668,2019-11-07,0.0980392156862745,79.0
669,2019-11-08,0.1515151515151515,52.0
670,2019-11-09,0.5555555555555556,16.0
671,2019-11-10,-0.0909090909090909,16.0
672,2019-11-11,0.3548387096774194,52.0
673,2019-11-12,0.5454545454545454,39.0
674,2019-11-13,0.238095238095238,68.0
675,2019-11-14,0.3793103448275862,49.0
676,2019-11-15,0.125,50.0
677,2019-11-16,0.4285714285714285,12.0
678,2019-11-17,0.8333333333333334,23.0
679,2019-11-18,0.0909090909090909,34.0
680,2019-11-19,0.0909090909090909,51.0
681,2019-11-20,0.0793650793650793,97.0
682,2019-11-21,0.1617647058823529,215.0
683,2019-11-22,0.245136186770428,417.0
684,2019-11-23,0.34375,107.0
685,2019-11-24,0.0588235294117647,104.0
686,2019-11-25,0.1214953271028037,167.0
687,2019-11-26,0.0158730158730158,95.0
688,2019-11-27,0.2592592592592592,88.0
689,2019-11-28,0.1764705882352941,27.0
690,2019-11-29,0.375,27.0
691,2019-11-30,0.1666666666666666,19.0
692,2019-12-01,0.1111111111111111,14.0
693,2019-12-02,0.1111111111111111,42.0
694,2019-12-03,0.2083333333333333,77.0
695,2019-12-04,-0.2307692307692307,18.0
696,2019-12-05,0.3333333333333333,45.0
697,2019-12-06,0.4814814814814814,47.0
698,2019-12-07,0.25,13.0
699,2019-12-08,0.4736842105263157,33.0
700,2019-12-09,0.375,54.0
701,2019-12-10,0.0476190476190476,32.0
702,2019-12-11,0.4285714285714285,48.0
703,2019-12-12,0.4838709677419355,54.0
704,2019-12-13,0.037037037037037,41.0
705,2019-12-14,0.5555555555555556,16.0
706,2019-12-15,1.0,14.0
707,2019-12-16,-0.0833333333333333,70.0
708,2019-12-17,0.1282051282051282,61.0
709,2019-12-18,0.15625,101.0
710,2019-12-19,0.2571428571428571,228.0
711,2019-12-20,0.3035714285714285,185.0
712,2019-12-21,0.2727272727272727,36.0
713,2019-12-22,-0.1724137931034483,41.0
714,2019-12-23,0.2839506172839506,266.0
715,2019-12-24,0.1948051948051948,123.0
716,2019-12-25,0.2142857142857142,45.0
717,2019-12-26,0.3947368421052631,129.0
718,2019-12-27,0.2333333333333333,97.0
719,2019-12-28,0.4482758620689655,50.0
720,2019-12-29,0.1111111111111111,14.0
721,2019-12-30,0.125,125.0
722,2019-12-31,0.0769230769230769,80.0
723,2020-01-01,0.4736842105263157,33.0
724,2020-01-02,0.1621621621621621,117.0
725,2020-01-03,0.1428571428571428,176.0
726,2020-01-04,0.2631578947368421,62.0
727,2020-01-05,0.6666666666666666,22.0
728,2020-01-06,-0.0196078431372549,76.0
729,2020-01-07,0.2526315789473684,309.0
730,2020-01-08,0.136,588.0
731,2020-01-09,0.0161662817551963,653.0
732,2020-01-10,0.0808080808080808,305.0
733,2020-01-11,0.1627906976744186,68.0
734,2020-01-12,0.1794871794871795,62.0
735,2020-01-13,0.1243243243243243,578.0
736,2020-01-14,0.0967741935483871,624.0
737,2020-01-15,0.102880658436214,377.0
738,2020-01-16,0.1566951566951566,554.0
739,2020-01-17,0.0805687203791469,325.0
740,2020-01-18,-0.0508474576271186,87.0
741,2020-01-19,-0.2592592592592592,37.0
742,2020-01-20,0.3214285714285714,93.0
743,2020-01-21,0.1522633744855967,383.0
744,2020-01-22,0.0933333333333333,812.0
745,2020-01-23,0.1197411003236245,482.0
746,2020-01-24,0.0753768844221105,306.0
747,2020-01-25,0.087719298245614,88.0
748,2020-01-26,0.0263157894736842,115.0
749,2020-01-27,0.008,188.0
750,2020-01-28,0.0909090909090909,221.0
751,2020-01-29,0.0836236933797909,885.0
752,2020-01-30,0.1471861471861472,727.0
753,2020-01-31,0.2372093023255814,348.0
754,2020-02-01,0.0422535211267605,108.0
755,2020-02-02,0.5384615384615384,69.0
756,2020-02-03,0.0926724137931034,1435.0
757,2020-02-04,0.1044214487300094,3300.0
758,2020-02-05,0.1201501877346683,2493.0
759,2020-02-06,-0.0144927536231884,1339.0
760,2020-02-07,0.0456431535269709,734.0
761,2020-02-08,0.1871657754010695,298.0
762,2020-02-09,0.1862068965517241,231.0
763,2020-02-10,0.0913348946135831,660.0
764,2020-02-11,0.0996978851963746,513.0
765,2020-02-12,0.1034482758620689,450.0
766,2020-02-13,0.123644251626898,720.0
767,2020-02-14,0.0459363957597173,431.0
768,2020-02-15,0.325,133.0
769,2020-02-16,0.3866666666666666,127.0
770,2020-02-17,0.0238095238095238,127.0
771,2020-02-18,0.1325301204819277,520.0
772,2020-02-19,0.2397260273972602,946.0
773,2020-02-20,0.1778425655976676,545.0
774,2020-02-21,0.1111111111111111,434.0
775,2020-02-22,0.1313131313131313,155.0
776,2020-02-23,0.2162162162162162,119.0
777,2020-02-24,0.09,309.0
778,2020-02-25,0.0673575129533678,296.0
779,2020-02-26,0.1756756756756756,235.0
780,2020-02-27,0.0346666666666666,569.0
781,2020-02-28,-0.0924855491329479,503.0
782,2020-02-29,0.1777777777777777,143.0
783,2020-03-01,0.3333333333333333,125.0
784,2020-03-02,0.1207729468599033,323.0
785,2020-03-03,0.063063063063063,340.0
786,2020-03-04,0.1217391304347826,359.0
787,2020-03-05,0.1463414634146341,258.0
788,2020-03-06,0.1739130434782608,292.0
789,2020-03-07,0.2631578947368421,93.0
790,2020-03-08,0.4392523364485981,184.0
791,2020-03-09,0.1091703056768559,356.0
792,2020-03-10,0.0647482014388489,213.0
793,2020-03-11,0.0666666666666666,253.0
794,2020-03-12,0.1729957805907173,376.0
795,2020-03-13,0.1834862385321101,347.0
796,2020-03-14,-0.0909090909090909,96.0
797,2020-03-15,0.1578947368421052,90.0
798,2020-03-16,0.1091703056768559,356.0
799,2020-03-17,0.0542635658914728,394.0
800,2020-03-18,0.0835913312693498,498.0
801,2020-03-19,-0.0289532293986636,667.0
802,2020-03-20,0.0759493670886076,486.0
803,2020-03-21,0.1521739130434782,145.0
804,2020-03-22,0.0265486725663716,171.0
805,2020-03-23,-0.189873417721519,333.0
806,2020-03-24,-0.0125523012552301,357.0
807,2020-03-25,0.1027027027027027,287.0
808,2020-03-26,0.04,342.0
809,2020-03-27,0.009009009009009,167.0
810,2020-03-28,0.0769230769230769,60.0
811,2020-03-29,0.2244897959183673,79.0
812,2020-03-30,-0.057471264367816,128.0
813,2020-03-31,0.0606060606060606,202.0
814,2020-04-01,0.1639344262295081,193.0
815,2020-04-02,0.0557029177718832,576.0
816,2020-04-03,0.048780487804878,375.0
817,2020-04-04,0.0416666666666666,73.0
818,2020-04-05,0.3142857142857143,58.0
819,2020-04-06,0.0989010989010989,141.0
820,2020-04-07,0.1372549019607843,160.0
821,2020-04-08,-0.1044776119402985,97.0
822,2020-04-09,-0.0434782608695652,204.0
823,2020-04-10,-0.0491803278688524,90.0
824,2020-04-11,0.25,52.0
825,2020-04-12,-0.024390243902439,61.0
826,2020-04-13,0.1404399323181049,928.0
827,2020-04-14,0.1222444889779559,1558.0
828,2020-04-15,0.0709318497913769,1104.0
829,2020-04-16,0.096,774.0
830,2020-04-17,0.0268456375838926,451.0
831,2020-04-18,0.125,200.0
832,2020-04-19,0.1122448979591836,305.0
833,2020-04-20,0.0902527075812274,428.0
834,2020-04-21,-0.0535211267605633,523.0
835,2020-04-22,0.0855614973262032,577.0
836,2020-04-23,0.0984126984126984,488.0
837,2020-04-24,0.1327433628318584,354.0
838,2020-04-25,0.2808988764044944,146.0
839,2020-04-26,0.2371134020618556,157.0
840,2020-04-27,0.1531100478468899,659.0
841,2020-04-28,0.1174377224199288,438.0
842,2020-04-29,0.1051282051282051,1211.0
843,2020-04-30,0.1483679525222551,1061.0
844,2020-05-01,0.0718562874251497,1539.0
845,2020-05-02,0.0355987055016181,469.0
846,2020-05-03,0.0871794871794871,301.0
847,2020-05-04,-0.0443686006825938,866.0
848,2020-05-05,0.08,616.0
849,2020-05-06,0.0769230769230769,340.0
850,2020-05-07,0.1569230769230769,513.0
851,2020-05-08,0.1259842519685039,397.0
852,2020-05-09,0.1477272727272727,277.0
853,2020-05-10,0.0736842105263157,146.0
854,2020-05-11,0.0119521912350597,378.0
855,2020-05-12,0.0993377483443708,468.0
856,2020-05-13,0.0889679715302491,434.0
857,2020-05-14,0.0769230769230769,400.0
858,2020-05-15,0.0697674418604651,330.0
859,2020-05-16,0.1368421052631579,149.0
860,2020-05-17,0.1612903225806451,98.0
861,2020-05-18,-0.0113636363636363,263.0
862,2020-05-19,-0.024390243902439,183.0
863,2020-05-20,-0.0185185185185185,161.0
864,2020-05-21,0.0947368421052631,294.0
865,2020-05-22,0.1055276381909547,309.0
866,2020-05-23,0.0943396226415094,82.0
867,2020-05-24,0.2,104.0
868,2020-05-25,0.2075471698113207,85.0
869,2020-05-26,0.2236842105263158,245.0
870,2020-05-27,0.1136363636363636,548.0
871,2020-05-28,0.1363636363636363,276.0
872,2020-05-29,0.0909090909090909,289.0
873,2020-05-30,0.2982456140350877,282.0
874,2020-05-31,0.196078431372549,163.0
875,2020-06-01,0.1445086705202312,544.0
876,2020-06-02,0.0443686006825938,446.0
877,2020-06-03,0.1072961373390558,362.0
878,2020-06-04,0.1518987341772152,249.0
879,2020-06-05,0.1409395973154362,234.0
880,2020-06-06,0.25,78.0
881,2020-06-07,0.3777777777777777,76.0
882,2020-06-08,0.1666666666666666,589.0
883,2020-06-09,0.1498470948012232,515.0
884,2020-06-10,0.1442953020134228,937.0
885,2020-06-11,0.2705882352941176,695.0
886,2020-06-12,0.1266666666666666,469.0
887,2020-06-13,0.2222222222222222,145.0
888,2020-06-14,0.037037037037037,82.0
889,2020-06-15,0.1203007518796992,415.0
890,2020-06-16,0.1403508771929824,358.0
891,2020-06-17,0.1065989847715736,306.0
892,2020-06-18,0.0742857142857142,269.0
893,2020-06-19,0.3764705882352941,287.0
894,2020-06-20,0.3076923076923077,86.0
895,2020-06-21,0.4358974358974359,67.0
896,2020-06-22,0.0625,147.0
897,2020-06-23,-0.053763440860215,137.0
898,2020-06-24,0.029585798816568,256.0
899,2020-06-25,0.1165644171779141,254.0
900,2020-06-26,0.217391304347826,185.0
901,2020-06-27,0.574468085106383,84.0
902,2020-06-28,0.2093023255813953,69.0
903,2020-06-29,0.2413793103448276,188.0
904,2020-06-30,0.1777301927194861,742.0
905,2020-07-01,0.12106135986733,941.0
906,2020-07-02,0.1203007518796992,1245.0
907,2020-07-03,0.3054393305439331,395.0
908,2020-07-04,0.1805555555555555,229.0
909,2020-07-05,0.1958762886597938,310.0
910,2020-07-06,0.1700374531835206,2116.0
911,2020-07-07,0.1415094339622641,1998.0
912,2020-07-08,0.1604621309370988,1231.0
913,2020-07-09,0.1316872427983539,761.0
914,2020-07-10,0.1207177814029363,1913.0
915,2020-07-11,0.1584158415841584,957.0
916,2020-07-12,0.1842105263157894,726.0
917,2020-07-13,0.1094952951240376,3635.0
918,2020-07-14,0.1374407582938388,1655.0
919,2020-07-15,0.185031185031185,1532.0
920,2020-07-16,0.1291291291291291,1042.0
921,2020-07-17,0.1133333333333333,934.0
922,2020-07-18,0.1213389121338912,373.0
923,2020-07-19,0.1894736842105263,303.0
924,2020-07-20,0.146374829001368,1150.0
925,2020-07-21,0.1012536162005785,1608.0
926,2020-07-22,0.1242265587815326,3282.0
927,2020-07-23,0.1024042742653606,1742.0
928,2020-07-24,0.0927835051546391,900.0
929,2020-07-25,0.2,272.0
930,2020-07-26,0.232,202.0
931,2020-07-27,0.1782178217821782,642.0
932,2020-07-28,0.1866295264623955,572.0
933,2020-07-29,0.0080645161290322,373.0
934,2020-07-30,0.167381974248927,369.0
935,2020-07-31,0.1713395638629283,509.0
936,2020-08-01,0.1521739130434782,145.0
937,2020-08-02,0.1743119266055046,173.0
938,2020-08-03,0.1176470588235294,265.0
939,2020-08-04,0.1764705882352941,270.0
940,2020-08-05,0.0849673202614379,236.0
941,2020-08-06,0.1428571428571428,253.0
942,2020-08-07,0.0829268292682926,316.0
943,2020-08-08,0.04,114.0
944,2020-08-09,0.2962962962962963,89.0
945,2020-08-10,0.2214765100671141,240.0
946,2020-08-11,0.2483801295896328,752.0
947,2020-08-12,0.1428571428571428,1551.0
948,2020-08-13,0.1870229007633587,1670.0
949,2020-08-14,0.1462925851703407,785.0
950,2020-08-15,0.1858407079646017,180.0
951,2020-08-16,0.0780141843971631,217.0
952,2020-08-17,0.1685393258426966,1692.0
953,2020-08-18,0.1704797047970479,2148.0
954,2020-08-19,0.1194029850746268,1045.0
955,2020-08-20,0.1963350785340314,2442.0
956,2020-08-21,0.1921249151391717,2351.0
957,2020-08-22,0.2166172106824926,542.0
958,2020-08-23,0.2243589743589743,503.0
959,2020-08-24,0.1428571428571428,1716.0
960,2020-08-25,0.1493333333333333,1181.0
961,2020-08-26,0.2425665101721439,1036.0
962,2020-08-27,0.2183098591549295,1371.0
963,2020-08-28,0.2099712368168744,1674.0
964,2020-08-29,0.1907514450867052,552.0
965,2020-08-30,0.2655086848635236,658.0
966,2020-08-31,0.1496514965149651,3841.0
967,2020-09-01,0.1402535657686212,3963.0
968,2020-09-02,0.0966250577901063,3349.0
969,2020-09-03,0.0913811007268951,2977.0
970,2020-09-04,0.1436170212765957,2364.0
971,2020-09-05,0.0251046025104602,723.0
972,2020-09-06,0.0822510822510822,356.0
973,2020-09-07,0.1547169811320754,418.0
974,2020-09-08,0.0859375,2370.0
975,2020-09-09,0.1326644370122631,1405.0
976,2020-09-10,0.0888575458392101,1095.0
977,2020-09-11,0.1341463414634146,771.0
978,2020-09-12,0.1782945736434108,205.0
979,2020-09-13,0.2072072072072072,178.0
980,2020-09-14,0.0850767085076708,1106.0
981,2020-09-15,0.1710193765796124,1882.0
982,2020-09-16,0.0604192355117139,1241.0
983,2020-09-17,0.1243093922651933,1131.0
984,2020-09-18,0.124546553808948,1292.0
985,2020-09-19,0.1707317073170731,390.0
986,2020-09-20,0.2244897959183673,395.0
987,2020-09-21,0.0500384911470361,1981.0
988,2020-09-22,0.0452781371280724,2354.0
989,2020-09-23,0.0990853658536585,2033.0
990,2020-09-24,0.0479338842975206,922.0
991,2020-09-25,0.1504424778761062,534.0
992,2020-09-26,0.125,175.0
993,2020-09-27,0.4042553191489361,160.0
994,2020-09-28,0.1343283582089552,420.0
995,2020-09-29,0.0896551724137931,448.0
996,2020-09-30,0.0902255639097744,411.0
997,2020-10-01,0.1185410334346504,513.0
998,2020-10-02,0.1928934010152284,629.0
999,2020-10-03,0.0681818181818181,135.0
1000,2020-10-04,0.3203883495145631,171.0
1001,2020-10-05,0.1111111111111111,364.0
1002,2020-10-06,0.1269841269841269,394.0
1003,2020-10-07,0.1658767772511848,334.0
1004,2020-10-08,0.0854700854700854,361.0
1005,2020-10-09,0.1282051282051282,244.0
1006,2020-10-10,0.3103448275862069,96.0
1007,2020-10-11,0.1956521739130435,147.0
1008,2020-10-12,0.1555555555555555,284.0
1009,2020-10-13,0.1959798994974874,318.0
1010,2020-10-14,0.2857142857142857,506.0
1011,2020-10-15,0.1666666666666666,361.0
1012,2020-10-16,0.016260162601626,371.0
1013,2020-10-17,0.1743119266055046,173.0
1014,2020-10-18,0.24,162.0
1015,2020-10-19,0.0878661087866108,369.0
1016,2020-10-20,0.1841359773371104,562.0
1017,2020-10-21,0.1415420023014959,1365.0
1018,2020-10-22,0.0758928571428571,689.0
1019,2020-10-23,0.134020618556701,456.0
1020,2020-10-24,0.3424657534246575,122.0
1021,2020-10-25,0.1294117647058823,133.0
1022,2020-10-26,0.1538461538461538,205.0
1023,2020-10-27,0.2363636363636363,178.0
1024,2020-10-28,0.238095238095238,204.0
1025,2020-10-29,0.0714285714285714,172.0
1026,2020-10-30,0.2105263157894736,244.0
1027,2020-10-31,0.3333333333333333,80.0
1028,2020-11-01,0.1698113207547169,84.0
1029,2020-11-02,0.2075471698113207,170.0
1030,2020-11-03,0.2991452991452991,193.0
1031,2020-11-04,0.1830985915492957,339.0
1032,2020-11-05,0.2073170731707317,263.0
1033,2020-11-06,0.2318840579710145,223.0
1034,2020-11-07,0.3684210526315789,96.0
1035,2020-11-08,0.1428571428571428,88.0
1036,2020-11-09,0.3038674033149171,299.0
1037,2020-11-10,0.1653543307086614,201.0
1038,2020-11-11,0.2698412698412698,206.0
1039,2020-11-12,0.1741293532338308,319.0
1040,2020-11-13,0.1067193675889328,393.0
1041,2020-11-14,0.2605042016806723,194.0
1042,2020-11-15,0.4130434782608695,157.0
1043,2020-11-16,0.1637630662020905,908.0
1044,2020-11-17,0.266609145815358,1893.0
1045,2020-11-18,0.1605911330049261,1604.0
1046,2020-11-19,0.1909090909090909,1404.0
1047,2020-11-20,0.1069958847736625,755.0
1048,2020-11-21,0.2666666666666666,245.0
1049,2020-11-22,0.3076923076923077,258.0
1050,2020-11-23,0.2071005917159763,813.0
1051,2020-11-24,0.2658884565499351,1259.0
1052,2020-11-25,0.2309859154929577,1147.0
1053,2020-11-26,0.2307692307692307,399.0
1054,2020-11-27,0.2244094488188976,819.0
1055,2020-11-28,0.1712707182320442,287.0
1056,2020-11-29,0.2307692307692307,336.0
1057,2020-11-30,0.1743532058492688,1411.0
1058,2020-12-01,0.1192145862552594,1112.0
1059,2020-12-02,0.2014218009478673,1351.0
1060,2020-12-03,0.1594202898550724,1090.0
1061,2020-12-04,0.2222222222222222,870.0
1062,2020-12-05,0.2841328413284132,445.0
1063,2020-12-06,0.3181818181818182,365.0
1064,2020-12-07,0.197452229299363,1506.0
1065,2020-12-08,0.1676737160120845,2097.0
1066,2020-12-09,0.1423699914748508,1843.0
1067,2020-12-10,0.1595547309833024,1703.0
1068,2020-12-11,0.1543624161073825,940.0
1069,2020-12-12,0.2375690607734806,293.0
1070,2020-12-13,0.3227513227513227,314.0
1071,2020-12-14,0.1634980988593156,832.0
1072,2020-12-15,0.15234375,807.0
1073,2020-12-16,0.0704761904761904,806.0
1074,2020-12-17,0.166412213740458,1037.0
1075,2020-12-18,0.1029972752043596,2847.0
1076,2020-12-19,0.253012048192771,675.0
1077,2020-12-20,0.2233009708737864,498.0
1078,2020-12-21,0.1355013550135501,1157.0
1079,2020-12-22,0.0734824281150159,962.0
1080,2020-12-23,0.219941348973607,549.0
1081,2020-12-24,0.1552346570397112,437.0
1082,2020-12-25,0.265625,209.0
1083,2020-12-26,0.3523809523809524,176.0
1084,2020-12-27,0.3949579831932773,202.0
1085,2020-12-28,0.237410071942446,450.0
1086,2020-12-29,0.3191489361702128,312.0
1087,2020-12-30,0.1466666666666666,708.0
1088,2020-12-31,0.2032301480484522,1190.0
1089,2021-01-01,0.3037974683544304,261.0
1090,2021-01-02,0.3523809523809524,352.0
1091,2021-01-03,0.1823899371069182,253.0
1092,2021-01-04,0.1223628691983122,740.0
1093,2021-01-05,0.26,978.0
1094,2021-01-06,0.2132049518569463,1168.0
1095,2021-01-07,0.2303290414878397,2258.0
1096,2021-01-08,0.1831097079715864,4033.0
1097,2021-01-09,0.2229140722291407,1294.0
1098,2021-01-10,0.1310160427807486,1171.0
1099,2021-01-11,0.1873015873015873,2510.0
1100,2021-01-12,0.1875,1785.0
1101,2021-01-13,0.2516411378555798,1486.0
1102,2021-01-14,0.1341991341991342,1086.0
1103,2021-01-15,0.156537753222836,857.0
1104,2021-01-16,0.2663316582914573,325.0
1105,2021-01-17,0.4039735099337748,257.0
1106,2021-01-18,0.2160804020100502,320.0
1107,2021-01-19,0.1367521367521367,734.0
1108,2021-01-20,0.1044776119402985,832.0
1109,2021-01-21,0.1447084233261339,728.0
1110,2021-01-22,0.232824427480916,847.0
1111,2021-01-23,0.2470588235294117,414.0
1112,2021-01-24,0.4581673306772908,434.0
1113,2021-01-25,0.2909698996655518,984.0
1114,2021-01-26,0.267379679144385,1222.0
1115,2021-01-27,0.1945788964181994,1650.0
1116,2021-01-28,0.2558139534883721,770.0
1117,2021-01-29,0.24,729.0
1118,2021-01-30,0.2515592515592516,782.0
1119,2021-01-31,0.3213367609254499,646.0
1120,2021-02-01,0.1787819253438114,809.0
1121,2021-02-02,0.2282828282828282,799.0
1122,2021-02-03,0.1824817518248175,654.0
1123,2021-02-04,0.2571428571428571,798.0
1124,2021-02-05,0.1815980629539951,657.0
1125,2021-02-06,0.3253012048192771,276.0
1126,2021-02-07,0.5488721804511278,236.0
1127,2021-02-08,0.3014925373134328,553.0
1128,2021-02-09,0.1457627118644067,464.0
1129,2021-02-10,0.0882956878850102,752.0
1130,2021-02-11,0.1302521008403361,745.0
1131,2021-02-12,0.1222444889779559,779.0
1132,2021-02-13,0.3655913978494624,313.0
1133,2021-02-14,0.0980392156862745,158.0
1134,2021-02-15,0.2465753424657534,237.0
1135,2021-02-16,0.136231884057971,541.0
1136,2021-02-17,0.2176039119804401,658.0
1137,2021-02-18,0.2126696832579185,355.0
1138,2021-02-19,0.1932773109243697,380.0
1139,2021-02-20,0.4311926605504587,187.0
1140,2021-02-21,0.2692307692307692,170.0
1141,2021-02-22,0.0502599653379549,880.0
1142,2021-02-23,0.1751662971175166,1432.0
1143,2021-02-24,0.2388663967611336,800.0
1144,2021-02-25,0.2242744063324538,611.0
1145,2021-02-26,0.1193633952254641,588.0
1146,2021-02-27,0.2481203007518796,216.0
1147,2021-02-28,0.0909090909090909,187.0
1148,2021-03-01,0.3244444444444444,374.0
1149,2021-03-02,0.2048192771084337,399.0
1150,2021-03-03,0.2099447513812154,581.0
1151,2021-03-04,0.1511387163561076,761.0
1152,2021-03-05,0.1262376237623762,1263.0
1153,2021-03-06,0.2385321100917431,353.0
1154,2021-03-07,0.1951219512195122,262.0
1155,2021-03-08,0.1221020092735703,1010.0
1156,2021-03-09,0.1600547195622435,1155.0
1157,2021-03-10,0.1734892787524366,814.0
1158,2021-03-11,0.2144702842377261,622.0
1159,2021-03-12,0.1,434.0
1160,2021-03-13,0.3195876288659793,161.0
1161,2021-03-14,0.3666666666666666,101.0
1162,2021-03-15,0.1907514450867052,276.0
1163,2021-03-16,0.118942731277533,354.0
1164,2021-03-17,0.0344827586206896,396.0
1165,2021-03-18,0.0661478599221789,394.0
1166,2021-03-19,0.1101321585903083,353.0
1167,2021-03-20,0.3396226415094339,177.0
1168,2021-03-21,0.4375,220.0
1169,2021-03-22,0.1712707182320442,574.0
1170,2021-03-23,0.2068965517241379,372.0
1171,2021-03-24,0.1804511278195488,423.0
1172,2021-03-25,0.1666666666666666,380.0
1173,2021-03-26,0.0928381962864721,583.0
1174,2021-03-27,0.2727272727272727,126.0
1175,2021-03-28,0.4117647058823529,87.0
1176,2021-03-29,0.0602409638554216,381.0
1177,2021-03-30,0.2013888888888889,461.0
1178,2021-03-31,0.2284644194756554,431.0
1179,2021-04-01,0.0695825049701789,772.0
1180,2021-04-02,0.2235294117647059,274.0
1181,2021-04-03,0.3670886075949367,133.0
1182,2021-04-04,0.2705882352941176,139.0
1183,2021-04-05,0.1563088512241054,838.0
1184,2021-04-06,0.1928251121076233,356.0
1185,2021-04-07,0.0714285714285714,387.0
1186,2021-04-08,0.1981566820276497,347.0
1187,2021-04-09,0.1294117647058823,266.0
1188,2021-04-10,0.0454545454545454,67.0
1189,2021-04-11,0.2459016393442623,99.0
1190,2021-04-12,0.0648148148148148,331.0
1191,2021-04-13,0.2709551656920078,839.0
1192,2021-04-14,0.1597222222222222,910.0
1193,2021-04-15,0.0521091811414392,615.0
1194,2021-04-16,-0.0062111801242236,241.0
1195,2021-04-17,0.4693877551020408,85.0
1196,2021-04-18,0.1604938271604938,128.0
1197,2021-04-19,-0.065040650406504,361.0
1198,2021-04-20,-0.09,291.0
1199,2021-04-21,0.1508379888268156,282.0
1200,2021-04-22,0.1225806451612903,242.0
1201,2021-04-23,0.1703703703703703,214.0
1202,2021-04-24,0.4054054054054054,126.0
1203,2021-04-25,0.1688311688311688,122.0
1204,2021-04-26,0.1784841075794621,650.0
1205,2021-04-27,0.1510204081632653,386.0
1206,2021-04-28,0.0659340659340659,279.0
1207,2021-04-29,0.1349206349206349,395.0
1208,2021-04-30,0.2844036697247706,537.0
1209,2021-05-01,0.2982456140350877,94.0
1210,2021-05-02,0.2888888888888888,74.0
1211,2021-05-03,0.1111111111111111,252.0
1212,2021-05-04,0.2026143790849673,245.0
1213,2021-05-05,0.1558441558441558,243.0
1214,2021-05-06,-0.0105263157894736,284.0
1215,2021-05-07,0.1309523809523809,263.0
1216,2021-05-08,0.3333333333333333,60.0
1217,2021-05-09,0.3157894736842105,126.0
1218,2021-05-10,0.0505836575875486,392.0
1219,2021-05-11,0.0754098360655737,469.0
1220,2021-05-12,0.0580204778156996,448.0
1221,2021-05-13,0.0535331905781584,713.0
1222,2021-05-14,-0.1317365269461078,479.0
1223,2021-05-15,0.0188679245283018,80.0
1224,2021-05-16,0.0967741935483871,192.0
1225,2021-05-17,-0.0192644483362521,851.0
1226,2021-05-18,0.108695652173913,715.0
1227,2021-05-19,0.1076923076923077,505.0
1228,2021-05-20,0.0646387832699619,403.0
1229,2021-05-21,0.1439114391143911,426.0
1230,2021-05-22,0.0491803278688524,93.0
1231,2021-05-23,0.1956521739130435,147.0
1232,2021-05-24,0.1886120996441281,448.0
1233,2021-05-25,0.2183908045977011,280.0
1234,2021-05-26,0.1677852348993288,236.0
1235,2021-05-27,0.1413043478260869,289.0
1236,2021-05-28,0.2149532710280373,172.0
1237,2021-05-29,0.2,32.0
1238,2021-05-30,0.5294117647058824,30.0
1239,2021-05-31,0.1746031746031746,100.0
1240,2021-06-01,0.2207792207792207,124.0
1241,2021-06-02,-0.0076335877862595,196.0
1242,2021-06-03,0.04,418.0
1243,2021-06-04,0.2395833333333333,311.0
1244,2021-06-05,0.2777777777777778,59.0
1245,2021-06-06,0.2,64.0
1246,2021-06-07,0.0892857142857142,173.0
1247,2021-06-08,0.1328671328671328,224.0
1248,2021-06-09,0.3387096774193548,207.0
1249,2021-06-10,0.3070866141732283,210.0
1250,2021-06-11,0.0920245398773006,252.0
1251,2021-06-12,0.4871794871794871,68.0
1252,2021-06-13,0.4864864864864865,129.0
1253,2021-06-14,0.3980582524271844,175.0
1254,2021-06-15,0.2,136.0
1255,2021-06-16,0.1940298507462686,214.0
1256,2021-06-17,0.208955223880597,215.0
1257,2021-06-18,0.2467532467532467,250.0
1258,2021-06-19,0.3114754098360656,101.0
1259,2021-06-20,0.3478260869565217,77.0
1260,2021-06-21,0.3125,159.0
1261,2021-06-22,0.2,104.0
1262,2021-06-23,0.2324723247232472,438.0
1263,2021-06-24,0.2383900928792569,1046.0
1264,2021-06-25,0.210727969348659,419.0
1265,2021-06-26,0.35,67.0
1266,2021-06-27,0.5238095238095238,111.0
1267,2021-06-28,0.2876712328767123,240.0
1268,2021-06-29,0.1304347826086956,144.0
1269,2021-06-30,0.1041666666666666,149.0
